DatumID,newCasesBySpecimenDate,cumCasesBySpecimenDate,newPeopleVaccinatedFirstDoseByVaccinationDate,cumPeopleVaccinatedFirstDoseByVaccinationDate,newPeopleVaccinatedSecondDoseByVaccinationDate,cumPeopleVaccinatedSecondDoseByVaccinationDate,uniqueCasePositivityBySpecimenDateRollingSum,uniquePeopleTestedBySpecimenDateRollingSum,covidOccupiedMVBeds,hospitalCases,newAdmissions,cumAdmissions,newDeaths28DaysByDeathDate,cumDeaths28DaysByDeathDate
20200309,53,181,0,0,0,0,5.9,2244,0,0,0,0,2,2
20200310,92,273,0,0,0,0,7.8,2558,0,0,0,0,1,3
20200311,183,456,0,0,0,0,10.7,3071,0,0,0,0,3,6
20200312,165,621,0,0,0,0,12.4,3614,0,0,0,0,6,12
20200313,135,756,0,0,0,0,13.9,4191,0,0,0,0,6,18
20200314,150,906,0,0,0,0,15.5,4757,0,0,0,0,11,29
20200315,165,1071,0,0,0,0,16.9,5151,0,0,0,0,8,37
20200316,233,1304,0,0,0,0,19,5640,0,0,0,0,16,53
20200317,311,1615,0,0,0,0,22.1,6058,0,0,0,0,23,76
20200318,355,1970,0,0,0,0,24.8,6280,0,0,0,0,26,102
20200319,330,2300,0,0,0,0,27.1,6317,0,0,240,240,25,127
20200320,426,2726,0,0,0,0,30.7,6323,0,841,272,512,46,173
20200321,350,3076,0,0,0,0,32.8,6427,0,1081,311,823,46,219
20200322,438,3514,0,0,0,0,35.1,6684,0,1266,335,1158,53,272
20200323,687,4201,0,0,0,0,38.4,7164,0,1559,505,1663,56,328
20200324,632,4833,0,0,0,0,40.7,7623,0,1705,637,2300,87,415
20200325,759,5592,0,0,0,0,43.4,8009,0,2051,675,2975,119,534
20200326,764,6356,0,0,0,0,46.3,8513,0,2244,519,3494,122,656
20200327,817,7173,0,0,0,0,47.5,9221,0,2829,639,4133,127,783
20200328,576,7749,0,0,0,0,48.4,9532,0,3114,551,4684,119,902
20200329,594,8343,0,0,0,0,49.4,9757,0,3464,672,5356,143,1045
20200330,868,9211,0,0,0,0,49.8,10196,0,3638,883,6239,150,1195
20200331,935,10146,0,0,0,0,50.6,10672,0,4073,645,6884,180,1375
20200401,979,11125,0,0,0,0,50.7,11256,0,4219,767,7651,189,1564
20200402,1067,12192,0,0,0,0,51.1,11711,673,4168,835,8486,194,1758
20200403,982,13174,0,0,0,0,51,12067,759,4092,647,9133,192,1950
20200404,765,13939,0,0,0,0,50.4,12565,824,4691,733,9866,225,2175
20200405,632,14571,0,0,0,0,49.8,12793,800,4869,732,10598,196,2371
20200406,857,15428,0,0,0,0,49.3,12830,914,5058,743,11341,197,2568
20200407,951,16379,0,0,0,0,49.2,12771,876,5025,722,12063,221,2789
20200408,875,17254,0,0,0,0,47.5,13102,941,5198,744,12807,232,3021
20200409,801,18055,0,0,0,0,45.9,13016,849,5201,554,13361,199,3220
20200410,616,18671,0,0,0,0,44.7,12654,1057,5168,531,13892,174,3394
20200411,519,19190,0,0,0,0,43.7,12242,1035,4910,490,14382,164,3558
20200412,500,19690,0,0,0,0,42.4,12255,1035,4931,384,14766,170,3728
20200413,596,20286,0,0,0,0,41,11905,1046,4799,416,15182,170,3898
20200414,596,20882,0,0,0,0,39.6,11318,1026,4621,447,15629,143,4041
20200415,660,21542,0,0,0,0,37.3,11445,1023,4509,412,16041,147,4188
20200416,575,22117,0,0,0,0,34.6,11530,1012,4395,388,16429,138,4326
20200417,579,22696,0,0,0,0,32.3,12161,982,4219,358,16787,110,4436
20200418,400,23096,0,0,0,0,30.7,12408,992,3993,283,17070,118,4554
20200419,395,23491,0,0,0,0,29.1,12425,991,4021,290,17360,116,4670
20200420,433,23924,0,0,0,0,27.4,12943,1019,3940,308,17668,97,4767
20200421,463,24387,0,0,0,0,25.1,13426,972,3922,288,17956,105,4872
20200422,397,24784,0,0,0,0,23.1,13812,927,3768,225,18181,110,4982
20200423,521,25305,0,0,0,0,21.3,15149,897,3510,266,18447,80,5062
20200424,378,25683,0,0,0,0,19.1,15704,836,3281,171,18618,75,5137
20200425,333,26016,0,0,0,0,17.9,16083,868,3198,137,18755,58,5195
20200426,311,26327,0,0,0,0,16.1,17120,831,3115,187,18942,62,5257
20200427,418,26745,0,0,0,0,13.9,19928,800,3117,261,19203,54,5311
20200428,313,27058,0,0,0,0,11.7,22736,755,2794,248,19451,58,5369
20200429,428,27486,0,0,0,0,9.4,29587,733,2811,212,19663,52,5421
20200430,424,27910,0,0,0,0,7.2,36567,723,2703,183,19846,45,5466
20200501,354,28264,0,0,0,0,6.2,42872,712,2596,201,20047,42,5508
20200502,247,28511,0,0,0,0,5.7,47186,678,2432,150,20197,52,5560
20200503,169,28680,0,0,0,0,5.4,50145,638,2390,157,20354,43,5603
20200504,249,28929,0,0,0,0,4.9,50836,587,2328,169,20523,37,5640
20200505,217,29146,0,0,0,0,4.6,51366,565,2270,178,20701,34,5674
20200506,266,29412,0,0,0,0,4.3,50540,580,2154,216,20917,43,5717
20200507,273,29685,0,0,0,0,4.2,48969,565,2086,202,21119,28,5745
20200508,207,29892,0,0,0,0,4.2,46543,531,1955,99,21218,30,5775
20200509,128,30020,0,0,0,0,4.1,44750,516,1971,85,21303,25,5800
20200510,125,30145,0,0,0,0,3.9,44898,466,1889,86,21389,27,5827
20200511,161,30306,0,0,0,0,3.7,46454,457,1880,91,21480,23,5850
20200512,194,30500,0,0,0,0,3.6,48937,425,1827,80,21560,15,5865
20200513,204,30704,0,0,0,0,3.4,49255,413,1777,91,21651,12,5877
20200514,158,30862,0,0,0,0,3.1,47970,395,1667,91,21742,17,5894
20200515,132,30994,0,0,0,0,3,48661,405,1625,77,21819,18,5912
20200516,72,31066,0,0,0,0,2.9,48923,384,1552,59,21878,10,5922
20200517,78,31144,0,0,0,0,2.8,48631,374,1454,51,21929,14,5936
20200518,113,31257,0,0,0,0,2.6,48595,349,1496,74,22003,13,5949
20200519,129,31386,0,0,0,0,2.4,48883,333,1390,89,22092,20,5969
20200520,142,31528,0,0,0,0,2.3,49104,313,1247,71,22163,16,5985
20200521,156,31684,0,0,0,0,2.2,50304,307,1224,76,22239,12,5997
20200522,81,31765,0,0,0,0,2.1,50850,287,1240,77,22316,8,6005
20200523,65,31830,0,0,0,0,2.1,50908,272,1165,43,22359,6,6011
20200524,52,31882,0,0,0,0,2,50877,271,1160,41,22400,6,6017
20200525,58,31940,0,0,0,0,1.9,48550,276,1174,49,22449,9,6026
20200526,66,32006,0,0,0,0,1.9,46248,268,1144,67,22516,11,6037
20200527,84,32090,0,0,0,0,1.8,45131,228,1091,69,22585,8,6045
20200528,75,32165,0,0,0,0,1.6,44073,222,1029,57,22642,9,6054
20200529,56,32221,0,0,0,0,1.6,43307,207,1002,51,22693,5,6059
20200530,39,32260,0,0,0,0,1.5,43195,213,915,30,22723,7,6066
20200531,38,32298,0,0,0,0,1.4,43123,197,891,42,22765,5,6071
20200601,50,32348,0,0,0,0,1.4,45699,170,862,48,22813,5,6076
20200602,49,32397,0,0,0,0,1.3,46843,159,855,51,22864,7,6083
20200603,79,32476,0,0,0,0,1.2,47610,148,813,68,22932,6,6089
20200604,58,32534,0,0,0,0,1.1,48563,139,795,58,22990,6,6095
20200605,45,32579,0,0,0,0,1.1,50436,137,783,50,23040,2,6097
20200606,47,32626,0,0,0,0,1.1,51561,140,707,46,23086,3,6100
20200607,45,32671,0,0,0,0,1.1,52282,134,691,56,23142,5,6105
20200608,57,32728,0,0,0,0,1,52964,134,701,69,23211,8,6113
20200609,71,32799,0,0,0,0,1,54832,129,707,35,23246,2,6115
20200610,52,32851,0,0,0,0,0.9,55651,115,675,41,23287,5,6120
20200611,47,32898,0,0,0,0,0.9,55755,100,620,32,23319,5,6125
20200612,54,32952,0,0,0,0,0.9,55161,100,568,30,23349,5,6130
20200613,39,32991,0,0,0,0,0.9,54788,100,540,20,23369,1,6131
20200614,31,33022,0,0,0,0,0.8,54664,100,531,22,23391,2,6133
20200615,41,33063,0,0,0,0,0.8,54453,98,503,49,23440,3,6136
20200616,46,33109,0,0,0,0,0.8,52532,97,539,56,23496,1,6137
20200617,43,33152,0,0,0,0,0.8,51231,84,508,56,23552,1,6138
20200618,46,33198,0,0,0,0,0.8,50488,83,494,50,23602,0,6138
20200619,37,33235,0,0,0,0,0.8,50080,72,466,47,23649,2,6140
20200620,29,33264,0,0,0,0,0.8,49418,71,466,19,23668,2,6142
20200621,27,33291,0,0,0,0,0.7,49078,69,446,25,23693,2,6144
20200622,51,33342,0,0,0,0,0.8,48587,75,453,60,23753,3,6147
20200623,50,33392,0,0,0,0,0.8,48527,80,452,69,23822,0,6147
20200624,46,33438,0,0,0,0,0.8,48940,77,477,51,23873,4,6151
20200625,57,33495,0,0,0,0,0.8,49364,67,439,47,23920,1,6152
20200626,48,33543,0,0,0,0,0.8,50688,67,423,39,23959,0,6152
20200627,32,33575,0,0,0,0,0.8,51586,62,408,29,23988,0,6152
20200628,22,33597,0,0,0,0,0.7,52506,63,392,18,24006,1,6153
20200629,58,33655,0,0,0,0,0.7,56619,62,398,20,24026,1,6154
20200630,52,33707,0,0,0,0,0.7,59527,66,386,28,24054,1,6155
20200701,42,33749,0,0,0,0,0.6,62725,59,334,53,24107,1,6156
20200702,40,33789,0,0,0,0,0.6,65525,54,320,27,24134,2,6158
20200703,38,33827,0,0,0,0,0.6,66893,51,316,20,24154,1,6159
20200704,32,33859,0,0,0,0,0.5,67631,51,293,16,24170,1,6160
20200705,51,33910,0,0,0,0,0.6,67916,47,288,23,24193,3,6163
20200706,54,33964,0,0,0,0,0.6,68012,52,291,30,24223,2,6165
20200707,60,34024,0,0,0,0,0.6,69251,48,284,26,24249,1,6166
20200708,57,34081,0,0,0,0,0.6,71096,45,269,30,24279,3,6169
20200709,55,34136,0,0,0,0,0.6,72763,45,265,27,24306,2,6171
20200710,40,34176,0,0,0,0,0.6,74385,39,255,26,24332,0,6171
20200711,19,34195,0,0,0,0,0.6,74635,38,206,17,24349,3,6174
20200712,38,34233,0,0,0,0,0.5,75372,37,247,16,24365,1,6175
20200713,85,34318,0,0,0,0,0.6,77844,34,247,18,24383,1,6176
20200714,62,34380,0,0,0,0,0.5,79419,35,229,19,24402,0,6176
20200715,76,34456,0,0,0,0,0.5,81823,30,212,22,24424,1,6177
20200716,70,34526,0,0,0,0,0.6,83850,28,191,24,24448,0,6177
20200717,48,34574,0,0,0,0,0.6,85715,29,187,18,24466,2,6179
20200718,47,34621,0,0,0,0,0.6,87146,29,179,5,24471,0,6179
20200719,41,34662,0,0,0,0,0.6,88469,32,179,7,24478,0,6179
20200720,98,34760,0,0,0,0,0.6,88712,30,180,14,24492,0,6179
20200721,81,34841,0,0,0,0,0.6,89162,29,175,11,24503,0,6179
20200722,80,34921,0,0,0,0,0.6,88036,25,173,11,24514,0,6179
20200723,70,34991,0,0,0,0,0.6,87736,25,165,14,24528,2,6181
20200724,83,35074,0,0,0,0,0.6,88604,21,147,15,24543,0,6181
20200725,56,35130,0,0,0,0,0.6,89678,17,108,5,24548,0,6181
20200726,65,35195,0,0,0,0,0.7,90209,18,139,9,24557,0,6181
20200727,100,35295,0,0,0,0,0.6,93074,19,133,10,24567,1,6182
20200728,100,35395,0,0,0,0,0.7,93922,17,127,7,24574,0,6182
20200729,99,35494,0,0,0,0,0.7,96587,17,131,11,24585,0,6182
20200730,102,35596,0,0,0,0,0.7,99299,19,134,5,24590,0,6182
20200731,73,35669,0,0,0,0,0.7,100334,18,128,2,24592,2,6184
20200801,58,35727,0,0,0,0,0.7,101270,16,126,5,24597,2,6186
20200802,75,35802,0,0,0,0,0.7,102136,15,120,10,24607,1,6187
20200803,88,35890,0,0,0,0,0.7,101979,17,122,2,24609,0,6187
20200804,105,35995,0,0,0,0,0.7,101284,15,118,5,24614,0,6187
20200805,113,36108,0,0,0,0,0.7,101390,13,111,12,24626,0,6187
20200806,105,36213,0,0,0,0,0.7,101625,11,113,7,24633,0,6187
20200807,121,36334,0,0,0,0,0.8,103113,10,105,7,24640,0,6187
20200808,55,36389,0,0,0,0,0.8,102613,10,126,2,24642,1,6188
20200809,67,36456,0,0,0,0,0.8,101205,12,107,10,24652,0,6188
20200810,143,36599,0,0,0,0,0.8,102538,12,107,9,24661,1,6189
20200811,149,36748,0,0,0,0,0.8,104112,13,105,18,24679,1,6190
20200812,161,36909,0,0,0,0,0.9,104747,17,111,5,24684,0,6190
20200813,124,37033,0,0,0,0,0.9,105302,15,104,9,24693,2,6192
20200814,126,37159,0,0,0,0,0.9,106875,15,103,8,24701,0,6192
20200815,107,37266,0,0,0,0,1,108836,15,100,4,24705,0,6192
20200816,88,37354,0,0,0,0,1,110127,19,100,7,24712,0,6192
20200817,189,37543,0,0,0,0,1,112585,19,107,2,24714,2,6194
20200818,181,37724,0,0,0,0,1,114673,19,98,6,24720,1,6195
20200819,153,37877,0,0,0,0,1,119195,15,90,7,24727,0,6195
20200820,204,38081,0,0,0,0,1,123963,15,89,6,24733,1,6196
20200821,167,38248,0,0,0,0,1,128330,16,84,5,24738,0,6196
20200822,119,38367,0,0,0,0,1,129374,18,79,3,24741,1,6197
20200823,145,38512,0,0,0,0,1.1,129925,20,84,8,24749,0,6197
20200824,195,38707,0,0,0,0,1.1,130795,15,85,6,24755,0,6197
20200825,170,38877,0,0,0,0,1.1,131555,16,81,9,24764,1,6198
20200826,165,39042,0,0,0,0,1.1,130602,16,83,5,24769,0,6198
20200827,229,39271,0,0,0,0,1.1,127654,16,86,5,24774,0,6198
20200828,220,39491,0,0,0,0,1.2,124933,12,82,11,24785,0,6198
20200829,139,39630,0,0,0,0,1.2,124660,15,73,6,24791,0,6198
20200830,133,39763,0,0,0,0,1.2,124669,13,78,6,24797,0,6198
20200831,216,39979,0,0,0,0,1.3,116246,14,81,6,24803,1,6199
20200901,314,40293,0,0,0,0,1.4,119209,14,88,6,24809,0,6199
20200902,333,40626,0,0,0,0,1.5,120633,13,84,11,24820,1,6200
20200903,347,40973,0,0,0,0,1.6,123805,12,87,15,24835,1,6201
20200904,356,41329,0,0,0,0,1.6,127791,12,86,11,24846,0,6201
20200905,272,41601,0,0,0,0,1.7,130060,11,90,23,24869,0,6201
20200906,203,41804,0,0,0,0,1.7,130267,13,87,12,24881,2,6203
20200907,463,42267,0,0,0,0,1.8,140673,13,98,5,24886,0,6203
20200908,343,42610,0,0,0,0,1.8,137999,15,100,11,24897,0,6203
20200909,345,42955,0,0,0,0,1.9,136759,16,96,17,24914,0,6203
20200910,391,43346,0,0,0,0,1.9,136810,14,98,19,24933,2,6205
20200911,333,43679,0,0,0,0,1.9,137600,15,115,13,24946,3,6208
20200912,229,43908,0,0,0,0,1.8,136928,12,98,19,24965,0,6208
20200913,114,44022,0,0,0,0,1.8,135401,16,100,23,24988,0,6208
20200914,296,44318,0,0,0,0,1.7,131680,21,123,31,25019,0,6208
20200915,269,44587,0,0,0,0,1.6,131624,26,136,26,25045,1,6209
20200916,292,44879,0,0,0,0,1.6,131954,26,137,25,25070,2,6211
20200917,323,45202,0,0,0,0,1.6,130545,25,147,28,25098,4,6215
20200918,387,45589,0,0,0,0,1.6,130404,25,150,41,25139,1,6216
20200919,338,45927,0,0,0,0,1.7,130373,32,161,32,25171,3,6219
20200920,409,46336,0,0,0,0,1.9,134030,32,171,38,25209,4,6223
20200921,427,46763,0,0,0,0,1.9,136007,31,190,44,25253,4,6227
20200922,521,47284,0,0,0,0,2.1,138438,37,210,35,25288,6,6233
20200923,657,47941,0,0,0,0,2.3,141939,35,210,36,25324,7,6240
20200924,598,48539,0,0,0,0,2.4,146351,40,219,47,25371,2,6242
20200925,603,49142,0,0,0,0,2.5,150115,47,230,36,25407,1,6243
20200926,548,49690,0,0,0,0,2.6,153586,38,200,28,25435,1,6244
20200927,529,50219,0,0,0,0,2.7,155197,48,224,23,25458,1,6245
20200928,746,50965,0,0,0,0,2.9,157976,48,267,28,25486,5,6250
20200929,705,51670,0,0,0,0,3,157294,50,275,36,25522,9,6259
20200930,993,52663,0,0,0,0,3.2,159283,49,278,31,25553,6,6265
20201001,1077,53740,0,0,0,0,3.4,162547,49,275,50,25603,5,6270
20201002,1039,54779,0,0,0,0,3.6,165877,56,276,37,25640,3,6273
20201003,792,55571,0,0,0,0,3.8,168256,56,280,38,25678,2,6275
20201004,825,56396,0,0,0,0,3.9,168937,50,287,27,25705,2,6277
20201005,1296,57692,0,0,0,0,4.2,171555,56,326,47,25752,9,6286
20201006,1178,58870,0,0,0,0,4.4,174475,60,320,43,25795,5,6291
20201007,1419,60289,0,0,0,0,4.6,178147,59,350,46,25841,6,6297
20201008,1487,61776,0,0,0,0,4.7,182252,51,343,39,25880,5,6302
20201009,1351,63127,0,0,0,0,4.8,184163,50,348,55,25935,7,6309
20201010,877,64004,0,0,0,0,4.9,182570,52,341,51,25986,5,6314
20201011,743,64747,0,0,0,0,4.9,181198,57,365,50,26036,4,6318
20201012,1576,66323,0,0,0,0,5.1,181962,65,389,69,26105,6,6324
20201013,1430,67753,0,0,0,0,5.2,182442,66,442,73,26178,5,6329
20201014,1623,69376,0,0,0,0,5.3,182360,77,430,76,26254,4,6333
20201015,1720,71096,0,0,0,0,5.5,183522,78,439,78,26332,12,6345
20201016,1656,72752,0,0,0,0,5.6,185958,80,490,67,26399,7,6352
20201017,1107,73859,0,0,0,0,5.7,187266,83,502,87,26486,4,6356
20201018,1297,75156,0,0,0,0,5.9,189751,87,542,95,26581,6,6362
20201019,2337,77493,0,0,0,0,6.2,193147,89,594,90,26671,11,6373
20201020,2319,79812,0,0,0,0,6.6,195603,88,610,89,26760,7,6380
20201021,2348,82160,0,0,0,0,6.9,198340,90,633,114,26874,15,6395
20201022,2170,84330,0,0,0,0,7.1,198845,81,606,108,26982,11,6406
20201023,2004,86334,0,0,0,0,7.3,199883,99,698,125,27107,6,6412
20201024,1435,87769,0,0,0,0,7.4,201506,98,722,108,27215,18,6430
20201025,1291,89060,0,0,0,0,7.4,200971,111,762,118,27333,11,6441
20201026,2526,91586,0,0,0,0,7.7,198196,117,815,155,27488,12,6453
20201027,2085,93671,0,0,0,0,7.7,193932,119,889,109,27597,14,6467
20201028,1969,95640,0,0,0,0,7.7,190738,124,933,112,27709,21,6488
20201029,2009,97649,0,0,0,0,7.1,211184,131,921,140,27849,12,6500
20201030,1869,99518,0,0,0,0,6.6,232848,134,945,126,27975,14,6514
20201031,1385,100903,0,0,0,0,6.3,248254,132,963,132,28107,8,6522
20201101,1203,102106,0,0,0,0,6.2,260488,136,1032,134,28241,17,6539
20201102,2913,105019,0,0,0,0,5.9,294506,142,1067,136,28377,18,6557
20201103,2126,107145,0,0,0,0,5.6,314841,147,1111,103,28480,13,6570
20201104,2046,109191,0,0,0,0,5.5,327399,151,1132,123,28603,16,6586
20201105,2089,111280,0,0,0,0,5.6,316507,154,1102,118,28721,15,6601
20201106,2114,113394,0,0,0,0,5.7,307252,155,1085,101,28822,16,6617
20201107,1648,115042,0,0,0,0,5.8,302440,156,1108,109,28931,23,6640
20201108,1755,116797,0,0,0,0,5.9,300019,167,1114,150,29081,19,6659
20201109,3074,119871,0,0,0,0,6.6,265460,179,1210,136,29217,28,6687
20201110,2721,122592,0,0,0,0,7.3,244955,179,1211,147,29364,15,6702
20201111,2906,125498,0,0,0,0,7.9,235756,181,1223,134,29498,12,6714
20201112,2835,128333,0,0,0,0,8.4,229382,178,1269,152,29650,20,6734
20201113,2692,131025,0,0,0,0,9,222511,194,1298,136,29786,13,6747
20201114,1919,132944,0,0,0,0,9.3,214868,202,1357,139,29925,20,6767
20201115,1793,134737,0,0,0,0,9.6,208009,214,1390,170,30095,19,6786
20201116,3072,137809,0,0,0,0,9.6,209152,209,1474,154,30249,30,6816
20201117,2555,140364,0,0,0,0,9.5,209499,218,1520,152,30401,30,6846
20201118,2452,142816,0,0,0,0,9.4,207664,220,1519,179,30580,20,6866
20201119,2179,144995,0,0,0,0,9.2,206967,222,1551,173,30753,27,6893
20201120,2106,147101,0,0,0,0,8.9,206310,233,1576,116,30869,28,6921
20201121,1477,148578,0,0,0,0,8.7,207199,251,1591,165,31034,19,6940
20201122,1479,150057,0,0,0,0,8.5,207877,248,1605,145,31179,29,6969
20201123,2384,152441,0,0,0,0,8.3,205398,252,1675,147,31326,18,6987
20201124,2150,154591,0,0,0,0,8.1,204342,253,1626,131,31457,30,7017
20201125,2235,156826,0,0,0,0,7.9,206686,261,1611,200,31657,38,7055
20201126,2063,158889,0,0,0,0,7.7,208907,251,1643,155,31812,29,7084
20201127,2192,161081,0,0,0,0,7.7,209923,267,1674,124,31936,21,7105
20201128,1638,162719,0,0,0,0,7.7,210731,248,1635,107,32043,33,7138
20201129,1650,164369,0,0,0,0,7.7,211940,260,1663,154,32197,48,7186
20201130,2685,167054,0,0,0,0,7.8,211747,253,1677,146,32343,26,7212
20201201,2455,169509,0,0,0,0,7.9,211692,259,1701,160,32503,22,7234
20201202,2793,172302,0,0,0,0,8.1,214404,256,1637,162,32665,28,7262
20201203,2450,174752,0,0,0,0,8.2,216471,256,1685,156,32821,34,7296
20201204,2910,177662,0,0,0,0,8.4,220655,249,1659,170,32991,33,7329
20201205,2238,179900,0,0,0,0,8.6,222590,238,1710,141,33132,27,7356
20201206,2420,182320,0,0,0,0,8.8,224979,242,1766,179,33311,27,7383
20201207,3705,186025,0,0,0,0,9.2,227332,244,1822,210,33521,34,7417
20201208,3694,189719,573,573,127,127,9.6,231124,249,1849,203,33724,34,7451
20201209,4403,194122,900,1473,127,127,10,237483,241,1787,248,33972,30,7481
20201210,4989,199111,1445,2918,127,127,10.6,249105,256,1934,235,34207,28,7509
20201211,5466,204577,1447,4365,127,127,11,262419,261,2031,277,34484,27,7536
20201212,4655,209232,875,5240,127,127,11.4,274632,256,2092,246,34730,41,7577
20201213,5491,214723,43,5283,127,127,12,289691,256,2212,287,35017,29,7606
20201214,8312,223035,1399,6682,127,127,12.7,311495,262,2330,292,35309,37,7643
20201215,8812,231847,4931,11613,127,127,13.4,334233,292,2482,332,35641,45,7688
20201216,9960,241807,11329,22942,127,127,14,360961,291,2543,252,35893,30,7718
20201217,10135,251942,11767,34709,127,127,14.5,388012,301,2607,366,36259,61,7779
20201218,10772,262714,10384,45093,127,127,14.8,417370,311,2726,357,36616,43,7822
20201219,7143,269857,7076,52169,127,127,14.9,432546,322,2909,404,37020,47,7869
20201220,8879,278736,9018,61187,127,127,14.9,453328,355,3067,413,37433,52,7921
20201221,13220,291956,7703,68890,127,127,15.2,477611,378,3367,505,37938,63,7984
20201222,13318,305274,7018,75908,127,127,15.7,493766,400,3559,508,38446,75,8059
20201223,12312,317586,6127,82035,127,127,16.2,493908,411,3578,511,38957,69,8128
20201224,9406,326992,2286,84321,127,127,16.9,468836,462,3966,492,39449,65,8193
20201225,4322,331314,195,84516,127,127,17.7,411622,455,4019,578,40027,88,8281
20201226,11861,343175,823,85339,127,127,19.6,398994,489,4276,607,40634,93,8374
20201227,13123,356298,998,86337,127,127,21.6,384173,520,4591,629,41263,103,8477
20201228,10667,366965,1095,87432,127,127,24.1,334296,556,4957,739,42002,102,8579
20201229,19865,386830,7077,94509,254,254,26.6,329362,599,5371,679,42681,109,8688
20201230,17298,404128,14962,109471,324,578,27.7,336681,640,5524,681,43362,124,8812
20201231,12391,416519,12414,121885,323,901,27.8,347997,664,5685,708,44070,129,8941
20210101,6737,423256,2961,124846,17,918,27.5,361314,657,5511,796,44866,135,9076
20210102,13623,436879,3018,127864,134,1052,26.5,382085,713,5861,828,45694,146,9222
20210103,13106,449985,844,128708,93,1145,26.3,386130,772,6358,865,46559,136,9358
20210104,17217,467202,4507,133215,715,1860,26.2,414153,814,6733,830,47389,160,9518
20210105,14528,481730,10013,143228,3734,5594,25.8,401845,866,6816,913,48302,177,9695
20210106,13535,495265,14748,157976,8925,14519,25.7,388825,908,7034,977,49279,160,9855
20210107,12054,507319,21581,179557,10737,25256,25.1,397154,961,7231,820,50099,186,10041
20210108,10514,517833,26589,206146,9405,34661,24.3,426094,1015,7277,813,50912,175,10216
20210109,8727,526560,17972,224118,5953,40614,23.9,412487,1020,7224,832,51744,179,10395
20210110,7462,534022,11474,235592,5137,45751,23.1,401746,1044,7494,734,52478,192,10587
20210111,11535,545557,13497,249089,3325,49076,22.5,387320,1073,7799,795,53273,184,10771
20210112,9820,555377,18400,267489,2560,51636,21.8,376697,1085,7606,875,54148,192,10963
20210113,9308,564685,30898,298387,1956,53592,21.4,363948,1138,7686,804,54952,198,11161
20210114,8912,573597,39458,337845,1320,54912,21.2,352715,1163,7840,763,55715,196,11357
20210115,8181,581778,40642,378487,744,55656,21.1,343715,1184,7811,670,56385,183,11540
20210116,6160,587938,30024,408511,275,55931,20.9,334232,1206,7571,758,57143,198,11738
20210117,5381,593319,16883,425394,101,56032,20.7,327159,1203,7707,652,57795,207,11945
20210118,8292,601611,16077,441471,197,56229,20.5,316300,1220,7917,704,58499,202,12147
20210119,6993,608604,34591,476062,358,56587,20.2,306890,1207,7711,742,59241,206,12353
20210120,6237,614841,39739,515801,634,57221,19.7,298638,1208,7588,660,59901,185,12538
20210121,5784,620625,38434,554235,813,58034,18.9,292987,1217,7332,598,60499,183,12721
20210122,5563,626188,47680,601915,104,58138,18.3,287938,1219,7298,580,61079,160,12881
20210123,4143,630331,44903,646818,121,58259,17.8,283619,1217,7044,520,61599,158,13039
20210124,3114,633445,23181,669999,93,58352,17.3,276568,1220,7030,544,62143,151,13190
20210125,4956,638401,25680,695679,59,58411,16.6,266145,1200,7014,478,62621,155,13345
20210126,4139,642540,32552,728231,126,58537,15.9,257381,1158,6785,472,63093,125,13470
20210127,4200,646740,36505,764736,138,58675,15.3,252945,1172,6272,485,63578,126,13596
20210128,3855,650595,44757,809493,307,58982,14,259430,1208,6393,473,64051,125,13721
20210129,3374,653969,56516,866009,463,59445,13.1,257180,1131,6064,423,64474,121,13842
20210130,2621,656590,49109,915118,360,59805,12.6,253292,1139,5918,370,64844,86,13928
20210131,2228,658818,40614,955732,563,60368,12.2,251571,1065,5654,394,65238,101,14029
20210201,3290,662108,33696,989428,314,60682,11.7,245100,1090,5881,421,65659,92,14121
20210202,2942,665050,34997,1024425,205,60887,11.2,242960,1075,5723,357,66016,96,14217
20210203,2695,667745,38016,1062441,272,61159,10.5,242393,1067,5462,349,66365,107,14324
20210204,2463,670208,42870,1105311,330,61489,10.3,230223,1032,5212,329,66694,66,14390
20210205,2114,672322,45296,1150607,155,61644,9.7,227467,1026,5066,292,66986,91,14481
20210206,1542,673864,36565,1187172,75,61719,9.2,227140,1016,4787,236,67222,76,14557
20210207,1345,675209,20174,1207346,125,61844,8.7,226941,977,4729,302,67524,66,14623
20210208,1803,677012,22809,1230155,118,61962,8.2,221624,951,4743,287,67811,66,14689
20210209,1660,678672,30410,1260565,257,62219,7.8,215078,934,4574,232,68043,56,14745
20210210,1530,680202,34559,1295124,479,62698,7.3,209931,905,4279,243,68286,64,14809
20210211,1440,681642,44274,1339398,564,63262,6.9,205145,888,4079,217,68503,42,14851
20210212,1276,682918,50102,1389500,309,63571,6.6,201659,859,3882,190,68693,41,14892
20210213,867,683785,39310,1428810,125,63696,6.2,198817,865,3562,175,68868,41,14933
20210214,881,684666,29468,1458278,48,63744,6,196497,855,3595,196,69064,37,14970
20210215,1380,686046,26276,1484554,176,63920,5.8,194830,834,3603,179,69243,44,15014
20210216,1196,687242,45061,1529615,533,64453,5.5,193904,790,3500,166,69409,43,15057
20210217,1085,688327,56082,1585697,886,65339,5.2,192805,749,3292,150,69559,40,15097
20210218,1102,689429,50890,1636587,1182,66521,5,192496,706,3059,142,69701,37,15134
20210219,1027,690456,46819,1683406,966,67487,4.7,192789,705,3048,150,69851,33,15167
20210220,798,691254,41137,1724543,263,67750,4.7,193672,667,2803,110,69961,31,15198
20210221,738,691992,14890,1739433,126,67876,4.5,194852,667,2734,127,70088,38,15236
20210222,1021,693013,23865,1763298,755,68631,4.2,194705,653,2737,129,70217,21,15257
20210223,916,693929,46378,1809676,1389,70020,4.1,195178,552,2490,103,70320,19,15276
20210224,734,694663,54890,1864566,2683,72703,3.8,195562,604,2503,105,70425,20,15296
20210225,650,695313,58039,1922605,3040,75743,3.6,195910,577,2371,110,70535,19,15315
20210226,621,695934,56309,1978914,2895,78638,3.3,198639,556,2253,72,70607,15,15330
20210227,499,696433,50553,2029467,2375,81013,3.1,202301,540,2102,64,70671,12,15342
20210228,474,696907,23280,2052747,964,81977,2.9,205722,455,1828,97,70768,10,15352
20210301,549,697456,21611,2074358,1974,83951,2.6,208104,511,2018,89,70857,20,15372
20210302,657,698113,30002,2104360,3831,87782,2.4,212574,485,1932,95,70952,14,15386
20210303,580,698693,32814,2137174,6109,93891,2.3,216003,479,1861,67,71019,7,15393
20210304,510,699203,38241,2175415,6006,99897,2.2,218350,458,1821,88,71107,12,15405
20210305,500,699703,43520,2218935,6594,106491,2.1,220051,448,1723,62,71169,15,15420
20210306,402,700105,47625,2266560,3492,109983,2,221723,417,1618,49,71218,13,15433
20210307,408,700513,19003,2285563,944,110927,1.9,223724,393,1562,58,71276,9,15442
20210308,563,701076,21851,2307414,3990,114917,1.9,220992,379,1551,56,71332,7,15449
20210309,590,701666,29432,2336846,7470,122387,1.8,221960,358,1481,67,71399,8,15457
20210310,531,702197,32881,2369727,7767,130154,1.8,221219,339,1400,52,71451,10,15467
20210311,454,702651,23238,2392965,6447,136601,1.7,220313,336,1335,47,71498,6,15473
20210312,514,703165,37826,2430791,8207,144808,1.7,220737,310,1273,39,71537,1,15474
20210313,363,703528,43140,2473931,4875,149683,1.7,219346,308,1190,48,71585,9,15483
20210314,362,703890,22157,2496088,2311,151994,1.7,217445,308,1181,41,71626,5,15488
20210315,598,704488,39395,2535483,4633,156627,1.7,214476,298,1185,40,71666,6,15494
20210316,505,704993,43744,2579227,9207,165834,1.6,217611,287,1138,45,71711,5,15499
20210317,455,705448,48865,2628092,11937,177771,1.6,220931,274,1082,27,71738,7,15506
20210318,478,705926,48483,2676575,15348,193119,1.5,222399,260,1023,33,71771,2,15508
20210319,443,706369,65575,2742150,12875,205994,1.5,224190,237,986,42,71813,3,15511
20210320,377,706746,66401,2808551,6838,212832,1.5,225177,211,941,31,71844,2,15513
20210321,459,707205,33432,2841983,2672,215504,1.5,227224,209,928,28,71872,3,15516
20210322,539,707744,33610,2875593,7795,223299,1.5,226230,198,922,31,71903,6,15522
20210323,480,708224,33684,2909277,17683,240982,1.4,227835,195,876,33,71936,1,15523
20210324,614,708838,37871,2947148,29737,270719,1.5,228065,190,840,27,71963,5,15528
20210325,454,709292,38795,2985943,28564,299283,1.4,229006,169,811,33,71996,1,15529
20210326,425,709717,48126,3034069,25082,324365,1.4,230151,159,799,26,72022,2,15531
20210327,300,710017,45653,3079722,15134,339499,1.4,228511,159,742,29,72051,6,15537
20210328,470,710487,24862,3104584,7516,347015,1.4,227274,153,737,32,72083,2,15539
20210329,399,710886,23595,3128179,19006,366021,1.4,222375,158,733,23,72106,2,15541
20210330,357,711243,21455,3149634,33133,399154,1.4,219865,154,717,29,72135,2,15543
20210331,302,711545,28979,3178613,47675,446829,1.3,217484,153,689,30,72165,2,15545
20210401,335,711880,15515,3194128,57918,504747,1.3,214744,147,668,25,72190,3,15548
20210402,250,712130,8598,3202726,22624,527371,1.3,203877,137,652,27,72217,0,15548
20210403,237,712367,10699,3213425,15027,542398,1.3,202154,134,630,25,72242,4,15552
20210404,212,712579,3259,3216684,2358,544756,1.2,198879,130,637,23,72265,1,15553
20210405,243,712822,4107,3220791,2777,547533,1.2,180672,129,636,23,72288,1,15554
20210406,331,713153,9311,3230102,20983,568516,1.2,185229,126,601,22,72310,1,15555
20210407,337,713490,8435,3238537,49653,618169,1.2,189797,121,577,26,72336,2,15557
20210408,311,713801,8976,3247513,48867,667036,1.1,192767,122,569,27,72363,2,15559
20210409,351,714152,9763,3257276,47717,714753,1.1,206113,118,561,21,72384,1,15560
20210410,274,714426,12068,3269344,45887,760640,1.1,207048,115,538,25,72409,3,15563
20210411,292,714718,6601,3275945,17555,778195,1.1,211105,113,520,28,72437,3,15566
20210412,326,715044,4091,3280036,20480,798675,1.1,219375,111,520,26,72463,0,15566
20210413,276,715320,5495,3285531,30885,829560,1.1,226268,110,521,20,72483,2,15568
20210414,271,715591,21888,3307419,43741,873301,1,242110,106,513,21,72504,0,15568
20210415,296,715887,16654,3324073,48455,921756,0.9,261207,102,498,14,72518,2,15570
20210416,304,716191,19181,3343254,52621,974377,0.8,277379,105,501,14,72532,2,15572
20210417,219,716410,18910,3362164,48587,1022964,0.8,288366,103,476,9,72541,1,15573
20210418,359,716769,11563,3373727,25701,1048665,0.7,296831,104,467,17,72558,1,15574
20210419,361,717130,14968,3388695,28540,1077205,0.7,308997,106,460,18,72576,3,15577
20210420,340,717470,16036,3404731,33481,1110686,0.7,314487,107,439,15,72591,2,15579
20210421,343,717813,19685,3424416,44821,1155507,0.7,320567,96,453,18,72609,1,15580
20210422,301,718114,17994,3442410,42860,1198367,0.7,316610,91,423,14,72623,0,15580
20210423,231,718345,16662,3459072,46606,1244973,0.7,308327,91,418,22,72645,0,15580
20210424,221,718566,17647,3476719,39958,1284931,0.7,301731,93,403,15,72660,1,15581
20210425,263,718829,7073,3483792,22731,1307662,0.7,296279,91,375,17,72677,2,15583
20210426,294,719123,10448,3494240,25026,1332688,0.7,285527,85,376,13,72690,0,15583
20210427,271,719394,14622,3508862,37540,1370228,0.7,274782,80,368,21,72711,2,15585
20210428,287,719681,20590,3529452,40902,1411130,0.7,253768,78,353,14,72725,5,15590
20210429,196,719877,20655,3550107,42610,1453740,0.7,239326,73,339,15,72740,0,15590
20210430,224,720101,18907,3569014,39012,1492752,0.7,230002,71,315,11,72751,1,15591
20210501,167,720268,19722,3588736,31293,1524045,0.7,227075,67,299,12,72763,1,15592
20210502,173,720441,10592,3599328,12961,1537006,0.7,223777,69,308,11,72774,1,15593
20210503,234,720675,9144,3608472,8348,1545354,0.7,204243,70,316,11,72785,1,15594
20210504,293,720968,18575,3627047,26792,1572146,0.7,208044,69,292,6,72791,1,15595
20210505,264,721232,21556,3648603,38992,1611138,0.7,210889,65,284,17,72808,3,15598
20210506,280,721512,22151,3670754,51788,1662926,0.7,212868,61,283,13,72821,0,15598
20210507,225,721737,21294,3692048,52563,1715489,0.7,216339,62,272,15,72836,2,15600
20210508,175,721912,21034,3713082,48147,1763636,0.7,216202,58,275,10,72846,0,15600
20210509,262,722174,10911,3723993,24662,1788298,0.7,217915,57,274,16,72862,0,15600
20210510,339,722513,13838,3737831,24959,1813257,0.7,227240,59,281,17,72879,2,15602
20210511,279,722792,20099,3757930,41843,1855100,0.8,225895,54,281,17,72896,0,15602
20210512,219,723011,24993,3782923,41680,1896780,0.7,224751,56,275,12,72908,0,15602
20210513,249,723260,31587,3814510,39235,1936015,0.7,223233,55,266,15,72923,0,15602
20210514,237,723497,36029,3850539,43590,1979605,0.7,224454,51,251,12,72935,0,15602
20210515,186,723683,35483,3886022,37422,2017027,0.7,228473,48,258,11,72946,2,15604
20210516,205,723888,20247,3906269,21797,2038824,0.7,229288,47,261,11,72957,1,15605
20210517,324,724212,18096,3924365,28094,2066918,0.7,229612,50,259,19,72976,0,15605
20210518,314,724526,24277,3948642,33486,2100404,0.7,233334,47,245,19,72995,0,15605
20210519,339,724865,36704,3985346,38335,2138739,0.7,240265,48,241,14,73009,0,15605
20210520,315,725180,38653,4023999,43676,2182415,0.8,247814,49,248,24,73033,2,15607
20210521,263,725443,35450,4059449,47603,2230018,0.8,252173,53,254,13,73046,0,15607
20210522,234,725677,36464,4095913,50104,2280122,0.8,252821,45,233,14,73060,0,15607
20210523,268,725945,22682,4118595,27264,2307386,0.8,254005,46,236,13,73073,1,15608
20210524,358,726303,19524,4138119,34799,2342185,0.8,259391,47,244,17,73090,1,15609
20210525,402,726705,29752,4167871,38465,2380650,0.8,273973,49,242,16,73106,0,15609
20210526,473,727178,37060,4204931,40893,2421543,0.8,291238,50,238,19,73125,3,15612
20210527,499,727677,46972,4251903,45294,2466837,0.8,304558,42,234,17,73142,1,15613
20210528,412,728089,38579,4290482,44267,2511104,0.8,312271,45,234,19,73161,0,15613
20210529,375,728464,37002,4327484,37557,2548661,0.9,314776,43,235,17,73178,1,15614
20210530,387,728851,24448,4351932,17512,2566173,0.9,315333,41,233,18,73196,1,15615
20210531,475,729326,25029,4376961,22696,2588869,1,293703,42,234,20,73216,0,15615
20210601,683,730009,21427,4398388,33913,2622782,1.1,287999,40,236,29,73245,0,15615
20210602,794,730803,28924,4427312,35816,2658598,1.3,280237,40,241,19,73264,1,15616
20210603,769,731572,34616,4461928,38784,2697382,1.4,271962,41,238,20,73284,1,15617
20210604,679,732251,33922,4495850,38919,2736301,1.5,271016,41,247,16,73300,1,15618
20210605,584,732835,39382,4535232,43914,2780215,1.6,272493,40,234,16,73316,1,15619
20210606,650,733485,29164,4564396,24418,2804633,1.6,276984,41,237,27,73343,2,15621
20210607,985,734470,19073,4583469,33940,2838573,1.7,291106,42,252,17,73360,0,15621
20210608,1061,735531,22198,4605667,33722,2872295,1.8,300511,45,249,20,73380,1,15622
20210609,1046,736577,29744,4635411,36211,2908506,1.8,307566,47,270,33,73413,2,15624
20210610,975,737552,36550,4671961,36026,2944532,1.9,315206,46,266,29,73442,0,15624
20210611,916,738468,37929,4709890,36283,2980815,1.9,317938,51,262,28,73470,0,15624
20210612,752,739220,46728,4756618,33768,3014583,2,318080,50,250,27,73497,5,15629
20210613,750,739970,29377,4785995,19684,3034267,2,317566,51,261,34,73531,1,15630
20210614,1174,741144,22065,4808060,28525,3062792,2.1,320645,51,285,33,73564,0,15630
20210615,1256,742400,29750,4837810,27877,3090669,2.2,318324,51,289,37,73601,1,15631
20210616,1139,743539,32852,4870662,30416,3121085,2.2,319926,54,277,25,73626,1,15632
20210617,1261,744800,38347,4909009,30975,3152060,2.3,320369,53,300,31,73657,2,15634
20210618,994,745794,39562,4948571,31888,3183948,2.3,324706,55,289,26,73683,4,15638
20210619,902,746696,53705,5002276,32386,3216334,2.3,328149,57,286,31,73714,2,15640
20210620,951,747647,33641,5035917,16184,3232518,2.4,330864,50,272,32,73746,1,15641
20210621,1627,749274,22584,5058501,19851,3252369,2.5,326596,56,303,19,73765,2,15643
20210622,1757,751031,29630,5088131,23724,3276093,2.6,329550,60,300,26,73791,0,15643
20210623,1925,752956,30954,5119085,25539,3301632,2.8,332411,61,280,29,73820,0,15643
20210624,1908,754864,36553,5155638,27139,3328771,3,333420,67,286,22,73842,3,15646
20210625,2012,756876,33789,5189427,30441,3359212,3.2,338869,62,286,26,73868,3,15649
20210626,1684,758560,39648,5229075,32370,3391582,3.4,342604,59,266,35,73903,0,15649
20210627,1851,760411,25183,5254258,21777,3413359,3.6,344545,53,243,38,73941,3,15652
20210628,2809,763220,21158,5275416,21688,3435047,3.9,348824,66,302,31,73972,0,15652
20210629,2924,766144,20824,5296240,22967,3458014,4.1,357313,68,301,51,74023,3,15655
20210630,3010,769154,21228,5317468,31161,3489175,4.4,365759,71,314,51,74074,4,15659
20210701,3012,772166,20395,5337863,28410,3517585,4.5,375717,74,329,30,74104,3,15662
20210702,2879,775045,18708,5356571,26599,3544184,4.7,383721,70,323,32,74136,2,15664
20210703,2625,777670,21658,5378229,29241,3573425,4.9,390573,72,318,42,74178,3,15667
20210704,2568,780238,13264,5391493,16669,3590094,5,393166,73,331,54,74232,1,15668
20210705,3761,783999,13299,5404792,21391,3611485,5.2,394467,76,364,55,74287,2,15670
20210706,3936,787935,11218,5416010,20430,3631915,5.4,402751,74,381,52,74339,2,15672
20210707,4413,792348,13125,5429135,26840,3658755,5.6,410329,74,397,62,74401,2,15674
20210708,3586,795934,16191,5445326,25008,3683763,5.8,411263,75,411,79,74480,2,15676
20210709,3588,799522,15367,5460693,27188,3710951,5.9,416113,84,435,68,74548,2,15678
20210710,3188,802710,15526,5476219,31015,3741966,6,417279,87,440,64,74612,3,15681
20210711,3223,805933,6745,5482964,14863,3756829,6.2,417691,94,467,66,74678,0,15681
20210712,4872,810805,8660,5491624,18646,3775475,6.5,413828,103,514,96,74774,2,15683
20210713,5200,816005,9281,5500905,21664,3797139,6.8,414019,101,514,88,74862,4,15687
20210714,6398,822403,9328,5510233,29802,3826941,7.2,417141,112,540,86,74948,3,15690
20210715,7642,830045,10015,5520248,29792,3856733,7.9,427494,117,575,83,75031,2,15692
20210716,7013,837058,9002,5529250,30081,3886814,8.5,438027,117,583,85,75116,2,15694
20210717,4975,842033,10690,5539940,36127,3922941,8.8,442746,114,590,100,75216,3,15697
20210718,4416,846449,5259,5545199,23987,3946928,9,446093,111,574,101,75317,7,15704
20210719,6006,852455,6130,5551329,22402,3969330,9.4,445177,128,647,117,75434,6,15710
20210720,5006,857461,6283,5557612,23238,3992568,9.4,445675,131,662,122,75556,8,15718
20210721,4687,862148,6958,5564570,29107,4021675,9.2,444662,129,713,126,75682,8,15726
20210722,4232,866380,6743,5571313,32464,4054139,8.7,436598,141,735,141,75823,6,15732
20210723,3858,870238,6630,5577943,31383,4085522,8.2,426837,142,794,104,75927,10,15742
20210724,3058,873296,7344,5585287,36764,4122286,7.9,421517,146,852,134,76061,4,15746
20210725,2824,876120,4028,5589315,21350,4143636,7.6,417560,149,890,130,76191,5,15751
20210726,3975,880095,5300,5594615,25304,4168940,7.3,407588,161,957,162,76353,8,15759
20210727,3815,883910,5919,5600534,25229,4194169,7.1,404333,179,1001,132,76485,4,15763
20210728,3889,887799,5724,5606258,25320,4219489,6.9,398593,179,1023,106,76591,11,15774
20210729,3806,891605,5848,5612106,28814,4248303,6.8,394779,172,935,129,76720,10,15784
20210730,3270,894875,5294,5617400,26942,4275245,6.7,392761,187,1029,126,76846,12,15796
20210731,2601,897476,6447,5623847,33410,4308655,6.6,389514,189,1034,124,76970,8,15804
20210801,2624,900100,3852,5627699,21315,4329970,6.6,386791,184,1023,123,77093,9,15813
20210802,3903,904003,4574,5632273,22839,4352809,6.6,382831,204,1157,99,77192,9,15822
20210803,3939,907942,5182,5637455,23112,4375921,6.6,383329,198,1084,120,77312,6,15828
20210804,4193,912135,4694,5642149,21983,4397904,6.6,384776,199,1042,113,77425,13,15841
20210805,4178,916313,5385,5647534,28183,4426087,6.7,384922,201,1027,131,77556,15,15856
20210806,3623,919936,5192,5652726,26219,4452306,6.8,386652,200,1044,114,77670,8,15864
20210807,2940,922876,6591,5659317,33244,4485550,6.8,388363,202,1026,102,77772,8,15872
20210808,2841,925717,3636,5662953,19841,4505391,6.8,391116,200,1046,112,77884,7,15879
20210809,3813,929530,4852,5667805,25426,4530817,6.8,389731,202,1077,92,77976,8,15887
20210810,3821,933351,5584,5673389,25175,4555992,6.7,395849,203,1068,99,78075,5,15892
20210811,4271,937622,5242,5678631,25008,4581000,6.6,399981,201,1041,121,78196,12,15904
20210812,3928,941550,5469,5684100,29771,4610771,6.5,401962,198,1016,134,78330,17,15921
20210813,3677,945227,5633,5689733,27008,4637779,6.5,405548,200,1025,118,78448,7,15928
20210814,2897,948124,6518,5696251,32151,4669930,6.4,409008,198,1008,129,78577,12,15940
20210815,2703,950827,3860,5700111,20042,4689972,6.4,411544,208,1036,89,78666,13,15953
20210816,3841,954668,5900,5706011,26893,4716865,6.4,411854,211,1086,126,78792,10,15963
20210817,3724,958392,5847,5711858,24649,4741514,6.3,415831,211,1074,111,78903,12,15975
20210818,3698,962090,5411,5717269,24933,4766447,6.2,418594,212,1090,146,79049,10,15985
20210819,3537,965627,6728,5723997,27049,4793496,6,420858,217,1098,140,79189,13,15998
20210820,3083,968710,8247,5732244,26046,4819542,5.8,422634,213,1112,120,79309,16,16014
20210821,2652,971362,8694,5740938,28372,4847914,5.7,425933,216,1126,124,79433,13,16027
20210822,2646,974008,5408,5746346,17530,4865444,5.7,428561,220,1138,134,79567,13,16040
20210823,3569,977577,6710,5753056,23724,4889168,5.6,430035,216,1199,147,79714,14,16054
20210824,3416,980993,6844,5759900,21755,4910923,5.5,433564,214,1178,165,79879,8,16062
20210825,3425,984418,6399,5766299,22085,4933008,5.4,437459,215,1172,139,80018,10,16072
20210826,3175,987593,7073,5773372,22832,4955840,5.3,440887,212,1189,115,80133,13,16085
20210827,3064,990657,6040,5779412,20595,4976435,5.2,446132,215,1189,112,80245,11,16096
20210828,2575,993232,5769,5785181,20526,4996961,5.1,453379,207,1154,116,80361,14,16110
20210829,2246,995478,3183,5788364,11612,5008573,5,456068,207,1150,118,80479,7,16117
20210830,2815,998293,2661,5791025,10520,5019093,4.9,444226,221,1192,146,80625,8,16125
20210831,3712,1002005,5803,5796828,19155,5038248,4.8,456818,223,1255,141,80766,12,16137
20210901,3606,1005611,5361,5802189,16676,5054924,4.7,472957,225,1235,124,80890,10,16147
20210902,3719,1009330,5161,5807350,17001,5071925,4.6,488560,226,1202,122,81012,12,16159
20210903,3452,1012782,4789,5812139,16460,5088385,4.6,500091,222,1154,102,81114,20,16179
20210904,2716,1015498,5357,5817496,19247,5107632,4.6,502031,229,1134,88,81202,8,16187
20210905,2652,1018150,2380,5819876,9662,5117294,4.7,504200,230,1143,100,81302,9,16196
20210906,3780,1021930,3502,5823378,14433,5131727,4.8,515138,237,1177,142,81444,16,16212
20210907,3385,1025315,3278,5826656,12783,5144510,4.8,502466,229,1211,123,81567,11,16223
20210908,3135,1028450,3268,5829924,12070,5156580,4.9,485306,228,1214,133,81700,13,16236
20210909,2743,1031193,3486,5833410,12954,5169534,4.9,469291,224,1190,114,81814,16,16252
20210910,2507,1033700,3507,5836917,12295,5181829,4.8,455839,220,1225,101,81915,10,16262
20210911,2169,1035869,4209,5841126,14157,5195986,4.8,447549,222,1209,109,82024,8,16270
20210912,2010,1037879,1818,5842944,5965,5201951,4.7,442745,224,1214,91,82115,8,16278
20210913,2784,1040663,3177,5846121,10427,5212378,4.5,438228,228,1253,98,82213,4,16282
20210914,2601,1043264,3112,5849233,9373,5221751,4.4,437571,235,1276,90,82303,12,16294
20210915,2424,1045688,3256,5852489,9281,5231032,4.2,438830,234,1214,89,82392,11,16305
20210916,2334,1048022,3198,5855687,9374,5240406,4.1,437505,222,1179,103,82495,10,16315
20210917,2355,1050377,3479,5859166,9874,5250280,4.1,438847,227,1153,76,82571,8,16323
20210918,2107,1052484,4227,5863393,11250,5261530,4,439819,228,1124,78,82649,11,16334
20210919,2334,1054818,1845,5865238,4610,5266140,4,442550,229,1134,70,82719,9,16343
20210920,3114,1057932,3457,5868695,8535,5274675,4.1,445032,221,1122,97,82816,7,16350
20210921,2907,1060839,3518,5872213,7081,5281756,4.1,449322,210,1077,86,82902,8,16358
20210922,2806,1063645,3538,5875751,7250,5289006,4.1,451956,209,1056,80,82982,11,16369
20210923,2724,1066369,4082,5879833,7305,5296311,4.2,454684,204,1013,88,83070,14,16383
20210924,2379,1068748,3666,5883499,6770,5303081,4.2,455256,195,1000,87,83157,13,16396
20210925,2226,1070974,3735,5887234,8874,5311955,4.2,455850,193,984,81,83238,10,16406
20210926,2502,1073476,1511,5888745,3254,5315209,4.2,456168,191,990,72,83310,6,16412
20210927,3439,1076915,3176,5891921,5993,5321202,4.4,451528,183,999,86,83396,16,16428
20210928,2789,1079704,3670,5895591,5277,5326479,4.3,450684,177,1001,73,83469,13,16441
20210929,2778,1082482,3971,5899562,5360,5331839,4.3,448011,175,983,81,83550,13,16454
20210930,2592,1085074,3831,5903393,5216,5337055,4.3,445015,181,948,66,83616,13,16467
20211001,2191,1087265,4303,5907696,5319,5342374,4.3,442284,179,927,70,83686,16,16483
20211002,2138,1089403,3722,5911418,6698,5349072,4.3,440337,176,894,82,83768,12,16495
20211003,2526,1091929,1684,5913102,2776,5351848,4.4,435041,176,906,57,83825,6,16501
20211004,3301,1095230,4472,5917574,4683,5356531,4.4,425662,173,934,87,83912,9,16510
20211005,3046,1098276,4637,5922211,4461,5360992,4.6,419468,175,925,74,83986,11,16521
20211006,2813,1101089,4231,5926442,4175,5365167,4.6,418265,171,904,76,84062,10,16531
20211007,2904,1103993,4206,5930648,3933,5369100,4.7,418660,161,884,84,84146,6,16537
20211008,2654,1106647,4828,5935476,4731,5373831,4.8,419406,144,885,78,84224,9,16546
20211009,2433,1109080,3458,5938934,5781,5379612,4.9,418727,143,867,67,84291,11,16557
20211010,2730,1111810,1406,5940340,2425,5382037,4.9,418802,146,878,58,84349,8,16565
20211011,3830,1115640,4702,5945042,4001,5386038,5,419985,139,894,75,84424,9,16574
20211012,3352,1118992,5211,5950253,3801,5389839,5.1,419022,146,853,93,84517,4,16578
20211013,3509,1122501,7891,5958144,4341,5394180,5.3,421095,143,849,97,84614,6,16584
20211014,3384,1125885,6945,5965089,4209,5398389,5.4,422230,137,864,105,84719,11,16595
20211015,3228,1129113,6977,5972066,4769,5403158,5.5,422251,149,879,99,84818,5,16600
20211016,2739,1131852,3758,5975824,6413,5409571,5.5,424718,155,882,100,84918,6,16606
20211017,3291,1135143,1391,5977215,2225,5411796,5.6,427005,155,896,106,85024,11,16617
20211018,4460,1139603,6369,5983584,4023,5415819,5.8,424862,154,918,94,85118,9,16626
20211019,4304,1143907,6342,5989926,4061,5419880,6,423819,160,965,105,85223,9,16635
